144
51,70313 0 39,89583
51,70313 0 119,6875
51,70313 0 199,4792
51,70313 0 279,2708
51,70313 0 359,0625
51,70313 0 438,8542
51,70313 0 518,6458
51,70313 0 598,4375
51,70313 0 678,2291
51,70313 0 758,0208
51,70313 0 837,8125
51,70313 0 917,6041
155,1094 0 39,89583
155,1094 0 119,6875
155,1094 0 199,4792
155,1094 0 279,2708
155,1094 0 359,0625
155,1094 0 438,8542
155,1094 0 518,6458
155,1094 0 598,4375
155,1094 0 678,2291
155,1094 0 758,0208
155,1094 0 837,8125
155,1094 0 917,6041
258,5156 0 39,89583
258,5156 0 119,6875
258,5156 0 199,4792
258,5156 0 279,2708
258,5156 0 359,0625
258,5156 0 438,8542
258,5156 0 518,6458
258,5156 0 598,4375
258,5156 0 678,2291
258,5156 0 758,0208
258,5156 0 837,8125
258,5156 0 917,6041
361,9219 0 39,89583
361,9219 0 119,6875
361,9219 0 199,4792
361,9219 0 279,2708
361,9219 0 359,0625
361,9219 0 438,8542
361,9219 0 518,6458
361,9219 0 598,4375
361,9219 0 678,2291
361,9219 0 758,0208
361,9219 0 837,8125
361,9219 0 917,6041
465,3281 40,67999 39,89583
465,3281 0 119,6875
465,3281 0 199,4792
465,3281 0 279,2708
465,3281 0 359,0625
465,3281 0 438,8542
465,3281 0 518,6458
465,3281 0 598,4375
465,3281 0 678,2291
465,3281 0 758,0208
465,3281 0 837,8125
465,3281 0 917,6041
568,7344 0 39,89583
568,7344 0 119,6875
568,7344 0 199,4792
568,7344 0 279,2708
568,7344 0 359,0625
568,7344 0 438,8542
568,7344 0 518,6458
568,7344 0 598,4375
568,7344 0 678,2291
568,7344 18,56 758,0208
568,7344 0 837,8125
568,7344 0 917,6041
672,1406 0 39,89583
672,1406 0 119,6875
672,1406 0 199,4792
672,1406 0 279,2708
672,1406 0 359,0625
672,1406 0 438,8542
672,1406 0 518,6458
672,1406 0 598,4375
672,1406 0 678,2291
672,1406 0 758,0208
672,1406 0 837,8125
672,1406 0 917,6041
775,5469 0 39,89583
775,5469 0 119,6875
775,5469 0 199,4792
775,5469 0 279,2708
775,5469 0 359,0625
775,5469 0 438,8542
775,5469 0 518,6458
775,5469 0 598,4375
775,5469 0 678,2291
775,5469 0 758,0208
775,5469 0 837,8125
775,5469 0 917,6041
878,9531 0 39,89583
878,9531 0 119,6875
878,9531 0 199,4792
878,9531 0 279,2708
878,9531 0 359,0625
878,9531 0 438,8542
878,9531 0 518,6458
878,9531 0 598,4375
878,9531 0 678,2291
878,9531 0 758,0208
878,9531 0 837,8125
878,9531 0 917,6041
982,3594 0 39,89583
982,3594 0 119,6875
982,3594 0 199,4792
982,3594 0 279,2708
982,3594 0 359,0625
982,3594 0 438,8542
982,3594 0 518,6458
982,3594 0 598,4375
982,3594 0 678,2291
982,3594 0 758,0208
982,3594 0 837,8125
982,3594 0 917,6041
1085,766 0 39,89583
1085,766 0 119,6875
1085,766 0 199,4792
1085,766 0 279,2708
1085,766 0 359,0625
1085,766 0 438,8542
1085,766 0 518,6458
1085,766 0 598,4375
1085,766 0 678,2291
1085,766 0 758,0208
1085,766 0 837,8125
1085,766 0 917,6041
1189,172 0 39,89583
1189,172 0 119,6875
1189,172 0 199,4792
1189,172 0 279,2708
1189,172 0 359,0625
1189,172 0 438,8542
1189,172 0 518,6458
1189,172 0 598,4375
1189,172 0 678,2291
1189,172 0 758,0208
1189,172 0 837,8125
1189,172 31,08002 917,6041
