242
0 1 12
1 13 12
12 13 24
13 25 24
24 25 36
25 37 36
36 37 48
37 49 48
48 49 60
49 61 60
60 61 72
61 73 72
72 73 84
73 85 84
84 85 96
85 97 96
96 97 108
97 109 108
108 109 120
109 121 120
120 121 132
121 133 132
1 2 13
2 14 13
13 14 25
14 26 25
25 26 37
26 38 37
37 38 49
38 50 49
49 50 61
50 62 61
61 62 73
62 74 73
73 74 85
74 86 85
85 86 97
86 98 97
97 98 109
98 110 109
109 110 121
110 122 121
121 122 133
122 134 133
2 3 14
3 15 14
14 15 26
15 27 26
26 27 38
27 39 38
38 39 50
39 51 50
50 51 62
51 63 62
62 63 74
63 75 74
74 75 86
75 87 86
86 87 98
87 99 98
98 99 110
99 111 110
110 111 122
111 123 122
122 123 134
123 135 134
3 4 15
4 16 15
15 16 27
16 28 27
27 28 39
28 40 39
39 40 51
40 52 51
51 52 63
52 64 63
63 64 75
64 76 75
75 76 87
76 88 87
87 88 99
88 100 99
99 100 111
100 112 111
111 112 123
112 124 123
123 124 135
124 136 135
4 5 16
5 17 16
16 17 28
17 29 28
28 29 40
29 41 40
40 41 52
41 53 52
52 53 64
53 65 64
64 65 76
65 77 76
76 77 88
77 89 88
88 89 100
89 101 100
100 101 112
101 113 112
112 113 124
113 125 124
124 125 136
125 137 136
5 6 17
6 18 17
17 18 29
18 30 29
29 30 41
30 42 41
41 42 53
42 54 53
53 54 65
54 66 65
65 66 77
66 78 77
77 78 89
78 90 89
89 90 101
90 102 101
101 102 113
102 114 113
113 114 125
114 126 125
125 126 137
126 138 137
6 7 18
7 19 18
18 19 30
19 31 30
30 31 42
31 43 42
42 43 54
43 55 54
54 55 66
55 67 66
66 67 78
67 79 78
78 79 90
79 91 90
90 91 102
91 103 102
102 103 114
103 115 114
114 115 126
115 127 126
126 127 138
127 139 138
7 8 19
8 20 19
19 20 31
20 32 31
31 32 43
32 44 43
43 44 55
44 56 55
55 56 67
56 68 67
67 68 79
68 80 79
79 80 91
80 92 91
91 92 103
92 104 103
103 104 115
104 116 115
115 116 127
116 128 127
127 128 139
128 140 139
8 9 20
9 21 20
20 21 32
21 33 32
32 33 44
33 45 44
44 45 56
45 57 56
56 57 68
57 69 68
68 69 80
69 81 80
80 81 92
81 93 92
92 93 104
93 105 104
104 105 116
105 117 116
116 117 128
117 129 128
128 129 140
129 141 140
9 10 21
10 22 21
21 22 33
22 34 33
33 34 45
34 46 45
45 46 57
46 58 57
57 58 69
58 70 69
69 70 81
70 82 81
81 82 93
82 94 93
93 94 105
94 106 105
105 106 117
106 118 117
117 118 129
118 130 129
129 130 141
130 142 141
10 11 22
11 23 22
22 23 34
23 35 34
34 35 46
35 47 46
46 47 58
47 59 58
58 59 70
59 71 70
70 71 82
71 83 82
82 83 94
83 95 94
94 95 106
95 107 106
106 107 118
107 119 118
118 119 130
119 131 130
130 131 142
131 143 142
